reset: 12x6
quad: (0.0,0.5941124) (0.34255135,0.5084748) (0.9045495,0.41213226)
quad: (0.9045495,0.41213226) (1.4665478,0.3157897) (2.205174,0.3157897)
quad: (2.205174,0.3157897) (2.7404103,0.3157897) (3.104371,0.4603033)
quad: (3.104371,0.4603033) (3.4683318,0.6048174) (3.7145405,0.8831401)
quad: (3.7145405,0.8831401) (3.789474,0.82961655) (3.9500446,0.733274)
quad: (3.9500446,0.733274) (4.1106157,0.6369314) (4.34612,0.54594135)
quad: (4.34612,0.54594135) (4.5816236,0.4549508) (4.8706512,0.38537025)
quad: (4.8706512,0.38537025) (5.159679,0.3157897) (5.4915257,0.3157897)
quad: (5.4915257,0.3157897) (6.133809,0.3157897) (6.540589,0.5031223)
quad: (6.540589,0.5031223) (6.9473686,0.69045496) (7.1775203,1.0330062)
quad: (7.1775203,1.0330062) (7.4076715,1.3755574) (7.4879575,1.8465657)
quad: (7.4879575,1.8465657) (7.5682425,2.3175735) (7.5682425,2.8742194)
line: (7.5682425,2.8742194) (7.5682425,6.0)
line: (7.5682425,6.0) (6.572703,6.0)
line: (6.572703,6.0) (6.572703,3.088314)
quad: (6.572703,3.088314) (6.572703,2.5958965) (6.524532,2.2426405)
quad: (6.524532,2.2426405) (6.4763603,1.8893843) (6.342551,1.6538806)
quad: (6.342551,1.6538806) (6.208742,1.4183764) (5.9785905,1.3059769)
quad: (5.9785905,1.3059769) (5.748439,1.1935773) (5.384478,1.1935773)
quad: (5.384478,1.1935773) (4.8813562,1.1935773) (4.554862,1.3273864)
quad: (4.554862,1.3273864) (4.228368,1.4611955) (4.1106157,1.5682425)
quad: (4.1106157,1.5682425) (4.1962533,1.8465657) (4.2390723,2.1784122)
quad: (4.2390723,2.1784122) (4.2818913,2.5102587) (4.2818913,2.8742194)
line: (4.2818913,2.8742194) (4.2818913,6.0)
line: (4.2818913,6.0) (3.2863517,6.0)
line: (3.2863517,6.0) (3.2863517,3.088314)
quad: (3.2863517,3.088314) (3.2863517,2.5958965) (3.2328281,2.2426405)
quad: (3.2328281,2.2426405) (3.1793041,1.8893843) (3.045495,1.6538806)
quad: (3.045495,1.6538806) (2.911686,1.4183764) (2.6815343,1.3059769)
quad: (2.6815343,1.3059769) (2.4513826,1.1935773) (2.098127,1.1935773)
quad: (2.098127,1.1935773) (1.9482604,1.1935773) (1.7769848,1.2042818)
quad: (1.7769848,1.2042818) (1.6057092,1.2149868) (1.4504906,1.2310438)
quad: (1.4504906,1.2310438) (1.295272,1.2471008) (1.1668154,1.2685103)
quad: (1.1668154,1.2685103) (1.0383587,1.2899199) (0.99553967,1.3006244)
line: (0.99553967,1.3006244) (0.99553967,6.0)
line: (0.99553967,6.0) (0.0,6.0)
line: (0.0,6.0) (0.0,0.5941124)
line: (0.0,0.5941124) (0.0,0.5941124)
