reset: 9x6
quad: (0.0,0.5941124) (0.34255135,0.5084748) (0.90990186,0.41213226)
quad: (0.90990186,0.41213226) (1.4772524,0.3157897) (2.2158785,0.3157897)
quad: (2.2158785,0.3157897) (2.879572,0.3157897) (3.3184657,0.5031223)
quad: (3.3184657,0.5031223) (3.7573595,0.69045496) (4.0196257,1.0276537)
quad: (4.0196257,1.0276537) (4.2818913,1.3648529) (4.3889384,1.8358607)
quad: (4.3889384,1.8358607) (4.495986,2.3068688) (4.495986,2.8742194)
line: (4.495986,2.8742194) (4.495986,6.0)
line: (4.495986,6.0) (3.5004463,6.0)
line: (3.5004463,6.0) (3.5004463,3.088314)
quad: (3.5004463,3.088314) (3.5004463,2.5744872) (3.4308653,2.2105262)
quad: (3.4308653,2.2105262) (3.3612847,1.8465657) (3.2007136,1.6217661)
quad: (3.2007136,1.6217661) (3.0401425,1.3969669) (2.7725244,1.2952724)
quad: (2.7725244,1.2952724) (2.5049062,1.1935773) (2.1088314,1.1935773)
quad: (2.1088314,1.1935773) (1.9482604,1.1935773) (1.7769848,1.2042818)
quad: (1.7769848,1.2042818) (1.6057092,1.2149868) (1.4504906,1.2310438)
quad: (1.4504906,1.2310438) (1.295272,1.2471008) (1.1721677,1.2685103)
quad: (1.1721677,1.2685103) (1.0490633,1.2899199) (0.99553967,1.3006244)
line: (0.99553967,1.3006244) (0.99553967,6.0)
line: (0.99553967,6.0) (0.0,6.0)
line: (0.0,6.0) (0.0,0.5941124)
line: (0.0,0.5941124) (0.0,0.5941124)
