reset: 9x7
quad: (5.2239075,3.2167706) (5.2239075,3.8804638) (5.0312223,4.4157004)
quad: (5.0312223,4.4157004) (4.838537,4.950937) (4.490633,5.336307)
quad: (4.490633,5.336307) (4.1427298,5.721677) (3.6610167,5.9304194)
quad: (3.6610167,5.9304194) (3.1793041,6.1391616) (2.6119535,6.1391616)
quad: (2.6119535,6.1391616) (2.044603,6.1391616) (1.5628903,5.9304194)
quad: (1.5628903,5.9304194) (1.0811775,5.721677) (0.73327386,5.336307)
quad: (0.73327386,5.336307) (0.3853702,4.950937) (0.19268513,4.4157004)
quad: (0.19268513,4.4157004) (0.0,3.8804638) (0.0,3.2167706)
quad: (0.0,3.2167706) (0.0,2.5637825) (0.19268513,2.0231936)
quad: (0.19268513,2.0231936) (0.3853702,1.482605) (0.73327386,1.0972347)
quad: (0.73327386,1.0972347) (1.0811775,0.7118645) (1.5628903,0.5031223)
quad: (1.5628903,0.5031223) (2.044603,0.2943802) (2.6119535,0.2943802)
quad: (2.6119535,0.2943802) (3.1793041,0.2943802) (3.6610167,0.5031223)
quad: (3.6610167,0.5031223) (4.1427298,0.7118645) (4.490633,1.0972347)
quad: (4.490633,1.0972347) (4.838537,1.482605) (5.0312223,2.0231936)
quad: (5.0312223,2.0231936) (5.2239075,2.5637825) (5.2239075,3.2167706)
line: (5.2239075,3.2167706) (5.2239075,3.2167706)
quad: (4.185549,3.2167706) (4.185549,2.2747548) (3.7627118,1.7234612)
quad: (3.7627118,1.7234612) (3.339875,1.1721678) (2.6119535,1.1721678)
quad: (2.6119535,1.1721678) (1.884032,1.1721678) (1.4611955,1.7234612)
quad: (1.4611955,1.7234612) (1.0383586,2.2747548) (1.0383586,3.2167706)
quad: (1.0383586,3.2167706) (1.0383586,4.158787) (1.4611955,4.71008)
quad: (1.4611955,4.71008) (1.884032,5.2613735) (2.6119535,5.2613735)
quad: (2.6119535,5.2613735) (3.339875,5.2613735) (3.7627118,4.71008)
quad: (3.7627118,4.71008) (4.185549,4.158787) (4.185549,3.2167706)
line: (4.185549,3.2167706) (4.185549,3.2167706)
