reset: 9x9
line: (0.9955397,2.4335413) (3.104371,2.4335413)
line: (3.104371,2.4335413) (3.104371,3.2685103)
line: (3.104371,3.2685103) (0.9955397,3.2685103)
line: (0.9955397,3.2685103) (0.9955397,5.837645)
quad: (0.9955397,5.837645) (0.9955397,6.2551293) (1.059768,6.5281)
quad: (1.059768,6.5281) (1.1239965,6.80107) (1.2524533,6.9562893)
quad: (1.2524533,6.9562893) (1.3809099,7.1115074) (1.573595,7.175736)
quad: (1.573595,7.175736) (1.7662802,7.2399645) (2.0231936,7.2399645)
quad: (2.0231936,7.2399645) (2.4727921,7.2399645) (2.7457628,7.1382694)
quad: (2.7457628,7.1382694) (3.0187333,7.0365744) (3.1257806,6.9937553)
line: (3.1257806,6.9937553) (3.318466,7.81802)
quad: (3.318466,7.81802) (3.1685996,7.892953) (2.793934,8.005352)
quad: (2.793934,8.005352) (2.4192686,8.117752) (1.9375558,8.117752)
quad: (1.9375558,8.117752) (1.3702052,8.117752) (1.0008922,7.973238)
quad: (1.0008922,7.973238) (0.631579,7.8287244) (0.4067797,7.5396967)
quad: (0.4067797,7.5396967) (0.18198037,7.250669) (0.090990186,6.827832)
quad: (0.090990186,6.827832) (0.00001,6.4049954) (0.00001,5.8483496)
line: (0.00001,5.8483496) (0.00001,0.88135576)
line: (0.00001,0.88135576) (0.9955397,0.71008015)
line: (0.9955397,0.71008015) (0.9955397,2.4335413)
line: (0.9955397,2.4335413) (0.9955397,2.4335413)
